1   F1(2)       1320.778689    +-0.000194
2   F2(5c)      1187.635526    +-0.000222
3   F3(5t)      1159.880327    +-0.000224
4   F4(3t)       681.837585    +-0.000251
5   F5(3c)       600.211345    +-0.000239
6   F6(4t)       575.239960    +-0.000389
7   F7(4c)       580.267988    +-0.000336
8   J12           -0.245424    +-0.000387
9   J13           -0.234837    +-0.000427
10  J14            8.417056    +-0.000306
11  J15            5.746574    +-0.000314
12  J16           -0.169940    +-0.000544
13  J17           -0.555922    +-0.000540
14  J23           -8.113676    +-0.000362
15  J24           -0.460958    +-0.000352
16  J25            0.090780    +-0.000344
17  J26            6.400224    +-0.000503
18  J27            7.257697    +-0.000494
19  J34            0.191849    +-0.000334
20  J35           -0.517831    +-0.000336
21  J36            7.293706    +-0.000489
22  J37            6.102112    +-0.000508
23  J45          -12.650461    +-0.000381
24  J46            8.287354    +-0.000549
25  J47            6.586825    +-0.000511
26  J56            6.388497    +-0.000507
27  J57            8.168181    +-0.000607
28  J67          -12.167494    +-0.000800
29  LW             0.202299    +-0.000163
30  Magn       4.430684e+06    +-3.658013e+03

THFCOOH

Line Broadening: 0.000000
Theoretical spectrum linewidth: 0.202299
RSS Value: 2.278082e+13
R-Factor: 4.77 %
Spectra correlation coefficient: 0.998862

Chemical shifts (ppm):
     4.401     3.957     3.865     2.272     2.000     1.917     1.933
J-coupling constants (Hz):
             -0.2454   -0.2348    8.4171    5.7466   -0.1699   -0.5559
                       -8.1137   -0.4610    0.0908    6.4002    7.2577
                                  0.1918   -0.5178    7.2937    6.1021
                                          -12.6505    8.2874    6.5868
                                                      6.3885    8.1682
                                                              -12.1675

Parameters correlation coefficients:
  1   1.000000
  2   0.001498  1.000000
  3  -0.002809 -0.077783  1.000000
  4  -0.002606  0.000530  0.006178  1.000000
  5  -0.019435  0.002279  0.000445  0.024142  1.000000
  6   0.004271  0.009881  0.015904 -0.042441 -0.263690  1.000000
  7   0.000264 -0.006125 -0.021032  0.014830  0.116431 -0.764832  1.000000
  8  -0.029211 -0.047024 -0.028370 -0.001827 -0.011838  0.013770 -0.007116  1.000000
  9  -0.043851  0.017062  0.061230 -0.006526  0.002179 -0.000862 -0.004142 -0.358720  1.000000
 10  -0.000697 -0.000202  0.009614 -0.032059 -0.005633  0.015144 -0.011240  0.034673  0.088715  1.000000
 11  -0.164439  0.008252  0.004837 -0.005423  0.026819  0.052021 -0.013463 -0.025229 -0.034735  0.058402  1.000000
 12  -0.047597 -0.000617 -0.001899  0.000528  0.019983  0.004300  0.002069 -0.051440 -0.031303 -0.073469 -0.040741  1.000000
 13  -0.045815 -0.003434 -0.000669  0.003381  0.023439 -0.028652 -0.016581  0.020175  0.001608  0.006933 -0.067361 -0.667127  1.000000
 14   0.000937 -0.168903  0.247091  0.007378  0.002683 -0.012997  0.001274 -0.037688  0.003195 -0.004341 -0.001814  0.002205  0.003374  1.000000
 15  -0.000434 -0.010657 -0.008929 -0.048762  0.007069 -0.000684 -0.007895 -0.069148  0.024228  0.003760  0.011331 -0.009244  0.013152 -0.063616  1.000000
 16  -0.008764 -0.003775  0.011088  0.031395 -0.049378 -0.029900 -0.009955 -0.023789  0.001701  0.010244  0.040118 -0.049610  0.063850  0.029815  0.102731  1.000000
 17   0.003661 -0.026091  0.004776 -0.011219 -0.068345 -0.099758  0.072299  0.018430  0.010495  0.008664 -0.021596 -0.012140  0.028726  0.028232 -0.044421 -0.128035  1.000000
 18  -0.009332 -0.008667 -0.000258 -0.000659  0.016315  0.068107 -0.079710 -0.006280 -0.022875 -0.016164  0.028575  0.041820 -0.043189 -0.009762  0.005721  0.017704 -0.691303  1.000000
 19  -0.003281 -0.000998 -0.067718 -0.029387 -0.001692  0.005474 -0.004017 -0.030442  0.085908 -0.033319 -0.001503  0.002298 -0.003862  0.031043 -0.064974 -0.000630  0.035895 -0.045978  1.000000
 20   0.001728  0.009793  0.043817  0.005502 -0.037282 -0.008095 -0.015454  0.008743  0.024613  0.014698  0.013215 -0.026157  0.019068 -0.029333  0.007103  0.018391  0.033953 -0.031686  0.057273  1.000000
 21   0.002476 -0.006116 -0.065027 -0.027706 -0.039384  0.108425 -0.106074 -0.014591  0.040511  0.013195 -0.030237 -0.060154  0.083673  0.029708 -0.009031  0.016557 -0.063828 -0.013401  0.014387 -0.089296  1.000000
 22  -0.002143 -0.003537  0.014838  0.027636  0.020946 -0.130821  0.118421  0.015497 -0.061170 -0.017802  0.038048  0.093000 -0.129845  0.019602  0.014781 -0.001317 -0.018072  0.112178 -0.110056 -0.014430 -0.712614  1.000000
 23  -0.009098 -0.000102  0.003966 -0.054063  0.187212 -0.262368  0.143409 -0.009100  0.003431 -0.018735 -0.018064  0.038473 -0.001473  0.008815 -0.023816  0.053722 -0.077824  0.041385 -0.001025  0.031441 -0.073682  0.056658  1.000000
 24   0.005855 -0.001898 -0.017589 -0.117952 -0.144518  0.248552 -0.150325  0.014083  0.001036  0.006771  0.036441 -0.027359 -0.023154 -0.014026 -0.014303 -0.064248  0.159362 -0.109250  0.019177 -0.039225  0.119270 -0.125848 -0.223823  1.000000
 25  -0.010623 -0.001560  0.007181  0.121083  0.011001 -0.107556  0.062176 -0.008639 -0.001733  0.002690 -0.027871 -0.029280  0.112628  0.007781  0.028602  0.039665 -0.038470 -0.004060 -0.009872  0.003367 -0.015178  0.005036  0.075811 -0.660278  1.000000
 26  -0.008777 -0.006735 -0.023047  0.032020  0.220552 -0.567836  0.503249 -0.020173 -0.005864 -0.013495 -0.055135 -0.070635  0.073091 -0.000185 -0.000816  0.045986  0.011116 -0.027042 -0.009278 -0.038617 -0.060065  0.051586  0.075911 -0.095521  0.084510  1.000000
 27   0.006509  0.017703  0.030081 -0.079536 -0.032853  0.542454 -0.520595  0.022548  0.000735  0.013553  0.105604  0.059109 -0.052606 -0.002192 -0.000616 -0.021466 -0.058379  0.036185  0.008743  0.014692  0.056516 -0.028561 -0.155816  0.128264 -0.109521 -0.650735  1.000000
 28  -0.003073  0.006166  0.038171  0.102183 -0.150350 -0.066726  0.045876 -0.038372  0.024650  0.013542 -0.041831 -0.017900  0.007175  0.049806  0.050220  0.111324  0.039507 -0.041681 -0.001233  0.005375 -0.048033  0.088052 -0.076484 -0.254771  0.211238  0.044945 -0.129171  1.000000
 29   0.002029 -0.000265 -0.008214 -0.013557 -0.011467  0.054138 -0.043443  0.047990 -0.020342  0.007516 -0.027036 -0.003117  0.024934 -0.017858  0.017795 -0.031307 -0.019586  0.000450 -0.000249  0.041888  0.037989 -0.031466 -0.014731  0.036939 -0.013785 -0.038768  0.039535 -0.105136  1.000000
 30   0.007305  0.010352 -0.005339 -0.067908 -0.016796  0.305456 -0.304154  0.006640 -0.037976  0.003988  0.014928 -0.228920  0.213284  0.010889 -0.021404 -0.030427  0.057952 -0.172281 -0.057509  0.015508 -0.170972  0.442662 -0.072163  0.386741 -0.544820 -0.191299  0.280384 -0.091369 -0.156682  1.000000

*****************************************************
***                ANATOLIA V1.2                  ***
***      Free open-source software for total      ***
***       lineshape analysis of NMR spectra       ***
*****************************************************
***       Copyright 2021, Dmitry Cheshkov,        ***
***      Dmitry Sinitsyn, Kirill Sheberstov       ***
*****************************************************

When publishing results obtained with this program, please cite:
D.A. Cheshkov, K.F. Sheberstov, D.O. Sinitsyn, V.A. Chertkov, ANATOLIA: NMR
software for spectral analysis of total lineshape. Magn. Reson. Chem., 2018,
56, 449, DOI: 10.1002/mrc.4689.
