1   F1(2)       1320.635229    +-0.004362
2   F2(5c)      1187.579282    +-0.005010
3   F3(5t)      1159.896876    +-0.005362
4   F4(3t)       681.836846    +-0.008143
5   F5(3c)       600.240990    +-0.006833
6   F6(4t)       575.349180    +-0.017073
7   F7(4c)       580.109244    +-0.015505
8   J12            0.000000    +-0.060649
9   J13            0.000000    +-0.082540
10  J14            7.600000    +-0.007622
11  J15            6.100000    +-0.006916
12  J16            0.000000    +-0.068616
13  J17           -0.500000    +-0.056880
14  J23           -8.000000    +-0.010074
15  J24           -0.500000    +-0.029864
16  J25            0.000000    +-0.039113
17  J26            6.100000    +-0.033088
18  J27            7.600000    +-0.036256
19  J34            0.000000    +-0.046016
20  J35           -0.500000    +-0.047398
21  J36            7.600000    +-0.040767
22  J37            6.100000    +-0.037657
23  J45          -12.000000    +-0.008665
24  J46            8.700000    +-0.024377
25  J47            6.100000    +-0.022748
26  J56            6.100000    +-0.022639
27  J57            8.700000    +-0.024824
28  J67          -12.000000    +-0.047412
29  LW             0.200000    +-0.005895
30  Magn       4.307127e+06    +-5.189348e+03

THFCOOH

Line Broadening: 3.000000
Theoretical spectrum linewidth: 3.200000
RSS Value: 2.391355e+14
R-Factor: 6.18 %
Spectra correlation coefficient: 0.998087

Chemical shifts (ppm):
     4.400     3.957     3.865     2.272     2.000     1.917     1.933
J-coupling constants (Hz):
              0.0000    0.0000    7.6000    6.1000    0.0000   -0.5000
                       -8.0000   -0.5000    0.0000    6.1000    7.6000
                                  0.0000   -0.5000    7.6000    6.1000
                                          -12.0000    8.7000    6.1000
                                                      6.1000    8.7000
                                                              -12.0000

Parameters correlation coefficients:
  1   1.000000
  2  -0.100005  1.000000
  3  -0.066028 -0.131850  1.000000
  4   0.010681  0.100157  0.069439  1.000000
  5   0.043657  0.030411 -0.052077  0.021716  1.000000
  6  -0.023250  0.001066  0.007230  0.002699  0.004154  1.000000
  7   0.046257 -0.033525 -0.007427  0.002327 -0.003325 -0.914736  1.000000
  8   0.293612 -0.184005  0.174062  0.024923 -0.055739  0.056895 -0.075072  1.000000
  9   0.220778  0.000834 -0.286885  0.015960 -0.035286 -0.014340  0.016030 -0.420450  1.000000
 10   0.477010 -0.102779 -0.088517 -0.030538  0.086147 -0.070421  0.086028  0.229199  0.204993  1.000000
 11   0.052111  0.044229  0.051919  0.031170  0.028391 -0.035521  0.101257 -0.025334 -0.120346 -0.031382  1.000000
 12  -0.149779  0.019404  0.144995 -0.056518 -0.240866  0.090622 -0.216327 -0.026267 -0.130085 -0.198293  0.010062  1.000000
 13   0.064806 -0.051117 -0.101223  0.037960  0.004276 -0.052322  0.083954  0.142950  0.264582  0.112034 -0.337873 -0.729812  1.000000
 14   0.051218 -0.281587  0.328199  0.006981 -0.132487  0.218744 -0.200756  0.017444  0.242509  0.006916 -0.064682  0.063701  0.133692  1.000000
 15   0.036573  0.441672 -0.063362  0.203479 -0.041340  0.162234 -0.203573  0.273339 -0.163822  0.001791  0.031604  0.041004  0.013641 -0.120078  1.000000
 16   0.103469 -0.083015  0.056391  0.059371 -0.097716  0.157516 -0.186711  0.270938  0.003206  0.114192 -0.079977  0.119343  0.041650  0.162923  0.412257  1.000000
 17  -0.060498 -0.006364  0.097063  0.020531 -0.004726 -0.363131  0.450760  0.035623 -0.095338 -0.127581  0.090090 -0.145249  0.113043 -0.144213 -0.130808 -0.191514  1.000000
 18   0.044774 -0.125536 -0.057539 -0.048409 -0.031318  0.368507 -0.423608 -0.070134  0.121630  0.111702 -0.099075  0.147226 -0.091712  0.240005 -0.060170  0.070592 -0.916696  1.000000
 19   0.071404 -0.131513  0.433272  0.123408  0.010337  0.043775 -0.034306 -0.156500  0.356581  0.066969 -0.058632 -0.020287  0.090368  0.339594 -0.275785 -0.087751 -0.065313  0.151615  1.000000
 20  -0.072306  0.119549  0.037357  0.003184 -0.058690  0.179265 -0.230994  0.047833  0.037342 -0.129050 -0.101848 -0.082160  0.253385  0.063637 -0.005856 -0.331612  0.149988 -0.128464  0.087362  1.000000
 21   0.095720 -0.056746 -0.036815 -0.011726  0.013964  0.352927 -0.355287 -0.042245  0.312806  0.145242 -0.198065 -0.064261  0.239783  0.404866  0.000034  0.149935 -0.609292  0.603177  0.235227  0.017723  1.000000
 22  -0.069803  0.067594 -0.053002  0.015861 -0.043084 -0.364257  0.380528  0.038400 -0.268790 -0.119952  0.218670  0.044373 -0.227299 -0.384662  0.055752 -0.093351  0.585527 -0.604846 -0.324997 -0.145748 -0.938950  1.000000
 23   0.030987  0.068181 -0.015706  0.054540  0.412246  0.010277  0.010713 -0.065393 -0.057993  0.035617  0.146694 -0.084889 -0.166610 -0.135182 -0.004488 -0.061813 -0.000761 -0.044970 -0.018885 -0.089975 -0.023259  0.010013  1.000000
 24  -0.110514  0.049969 -0.084761 -0.049722  0.000096  0.477109 -0.506818 -0.018888 -0.129292 -0.158170 -0.031085  0.223880 -0.172059 -0.065061  0.170355  0.198318 -0.207533  0.167172 -0.182448 -0.114612 -0.040727  0.052481 -0.019741  1.000000
 25   0.030871 -0.045306  0.069484 -0.040796 -0.152409 -0.445605  0.475427  0.018095  0.068864  0.028437 -0.004802 -0.198601  0.220222  0.028509 -0.160091 -0.177016  0.284769 -0.271353  0.089145  0.088733 -0.048651  0.021952 -0.251838 -0.738693  1.000000
 26  -0.026292 -0.091288 -0.115741 -0.035427  0.201706 -0.421488  0.392322 -0.144471 -0.077824  0.031733 -0.044975 -0.169163  0.002789 -0.148864 -0.204913 -0.320813  0.003655  0.077232 -0.010571 -0.116790 -0.191790  0.188199 -0.042311 -0.174181  0.160308  1.000000
 27   0.030139  0.134305  0.141074  0.065023 -0.022559  0.302099 -0.378952  0.179844  0.071716 -0.021663  0.046194  0.094174  0.078022  0.092587  0.217585  0.225468  0.060013 -0.141513  0.041671  0.344795  0.071613 -0.118463  0.088635  0.009174 -0.120115 -0.763075  1.000000
 28   0.043306 -0.097796 -0.083013  0.002662  0.024865  0.369427 -0.351693  0.138892 -0.054159  0.087425 -0.124131 -0.020419 -0.027298 -0.040180  0.024964  0.115125 -0.144123  0.151475 -0.034154  0.014388  0.002663  0.000218 -0.037473 -0.040294  0.013592 -0.023614 -0.013662  1.000000
 29  -0.134866  0.056327  0.102603  0.030345 -0.114135  0.249112 -0.225153  0.012149 -0.120036 -0.274010  0.110386  0.110047 -0.024976  0.250908  0.113417 -0.254413  0.173316 -0.089207  0.025119  0.379551 -0.105633  0.115563 -0.171110  0.058338  0.011354  0.138806 -0.110666 -0.107359  1.000000
 30  -0.076054  0.043772  0.042702 -0.048520 -0.112205  0.268390 -0.292041 -0.037133 -0.071199 -0.100559  0.037876  0.442958 -0.348809 -0.022691  0.022517  0.060938  0.165975 -0.220990 -0.012569  0.178362  0.043198 -0.076481 -0.148027  0.171934 -0.053400  0.045563  0.031695  0.027219  0.090952  1.000000

*****************************************************
***                ANATOLIA V1.2                  ***
***      Free open-source software for total      ***
***       lineshape analysis of NMR spectra       ***
*****************************************************
***       Copyright 2021, Dmitry Cheshkov,        ***
***      Dmitry Sinitsyn, Kirill Sheberstov       ***
*****************************************************

When publishing results obtained with this program, please cite:
D.A. Cheshkov, K.F. Sheberstov, D.O. Sinitsyn, V.A. Chertkov, ANATOLIA: NMR
software for spectral analysis of total lineshape. Magn. Reson. Chem., 2018,
56, 449, DOI: 10.1002/mrc.4689.
