1   F1(2)       1320.799834    +-0.001319
2   F2(5c)      1187.581197    +-0.001554
3   F3(5t)      1159.881199    +-0.001629
4   F4(3t)       681.779614    +-0.002886
5   F5(3c)       600.152435    +-0.001875
6   F6(4t)       575.511143    +-0.005267
7   F7(4c)       580.020607    +-0.004845
8   J12            0.000000    +-0.020304
9   J13            0.000000    +-0.024517
10  J14            8.482986    +-0.001982
11  J15            5.771506    +-0.001868
12  J16            0.000000    +-0.019957
13  J17           -0.500000    +-0.013997
14  J23           -8.096008    +-0.002617
15  J24           -0.500000    +-0.009800
16  J25            0.000000    +-0.011987
17  J26            6.261890    +-0.010550
18  J27            7.438637    +-0.010589
19  J34            0.000000    +-0.014359
20  J35           -0.500000    +-0.013318
21  J36            7.440500    +-0.009400
22  J37            6.050002    +-0.008642
23  J45          -12.682524    +-0.002775
24  J46            8.736685    +-0.008344
25  J47            6.211384    +-0.007255
26  J56            6.138879    +-0.006723
27  J57            8.346658    +-0.007577
28  J67          -12.377474    +-0.016479
29  LW             0.354397    +-0.001742
30  Magn       4.370296e+06    +-1.400731e+03

THFCOOH

Line Broadening: 3.000000
Theoretical spectrum linewidth: 3.354397
RSS Value: 1.905862e+13
R-Factor: 1.75 %
Spectra correlation coefficient: 0.999848

Chemical shifts (ppm):
     4.401     3.957     3.865     2.272     2.000     1.918     1.933
J-coupling constants (Hz):
              0.0000    0.0000    8.4830    5.7715    0.0000   -0.5000
                       -8.0960   -0.5000    0.0000    6.2619    7.4386
                                  0.0000   -0.5000    7.4405    6.0500
                                          -12.6825    8.7367    6.2114
                                                      6.1389    8.3467
                                                              -12.3775

Parameters correlation coefficients:
  1   1.000000
  2  -0.055978  1.000000
  3  -0.065763 -0.160084  1.000000
  4  -0.003932  0.097009  0.051093  1.000000
  5   0.040737  0.059823 -0.029115  0.014883  1.000000
  6  -0.047497  0.057961  0.065419 -0.019794 -0.024761  1.000000
  7   0.076062 -0.095521 -0.060718  0.017423  0.005964 -0.930841  1.000000
  8   0.174069 -0.169444  0.133683  0.036707 -0.034288  0.027062 -0.037103  1.000000
  9   0.187010  0.042418 -0.226662  0.019931 -0.052533 -0.068198  0.075851 -0.531469  1.000000
 10   0.396487 -0.048555 -0.082146 -0.065383  0.040982 -0.130164  0.150557  0.192925  0.089837  1.000000
 11   0.147681  0.012901 -0.006955 -0.000762  0.098924 -0.008674  0.073210 -0.063248  0.032122  0.162772  1.000000
 12  -0.135062  0.008868  0.126547 -0.094453 -0.245363  0.276938 -0.385973 -0.075498  0.015717 -0.112891 -0.247242  1.000000
 13  -0.005993 -0.027273 -0.088903  0.114000  0.006121 -0.324837  0.361082  0.232822  0.016432 -0.023181 -0.106616 -0.706903  1.000000
 14  -0.002190 -0.281247  0.416214 -0.001349 -0.139044  0.133183 -0.099289 -0.038911  0.109994 -0.061736  0.012770  0.207666 -0.149960  1.000000
 15   0.032709  0.492692 -0.116419  0.193918  0.023370  0.194842 -0.234716  0.270502 -0.167192  0.058414 -0.017109 -0.002673  0.051489 -0.174851  1.000000
 16   0.063400 -0.059796  0.063636  0.098270 -0.036400  0.163745 -0.170381  0.260405 -0.003412  0.091256 -0.081781 -0.012039  0.156711  0.131971  0.400678  1.000000
 17  -0.026319 -0.086230  0.105051  0.007759  0.055024 -0.217965  0.279750  0.175177 -0.048866 -0.035764 -0.069213 -0.316858  0.507624  0.091401 -0.199713 -0.244440  1.000000
 18   0.014120 -0.065430 -0.055896 -0.040531 -0.120836  0.203075 -0.238003 -0.212677  0.063681  0.016451  0.071852  0.359667 -0.543936  0.004310 -0.009384  0.132951 -0.915127  1.000000
 19   0.023267 -0.139853  0.489566  0.083610  0.000085  0.061012 -0.048088 -0.230037  0.310012 -0.058734  0.011673  0.127679 -0.155048  0.275811 -0.302466 -0.055095 -0.005850  0.090010  1.000000
 20  -0.118049  0.155987  0.070545 -0.012044 -0.068942  0.160300 -0.220177  0.108336 -0.173812 -0.170401 -0.113945  0.260818 -0.141966 -0.054946  0.049452 -0.306738  0.447502 -0.467541 -0.060455  1.000000
 21   0.039746  0.054373  0.015999  0.000753 -0.039447  0.198122 -0.181628 -0.211772  0.179208  0.003083  0.078823  0.340464 -0.438822  0.136182  0.060872  0.222104 -0.483562  0.433758  0.105009 -0.464012  1.000000
 22  -0.002873 -0.022575 -0.153297  0.013153 -0.003267 -0.241683  0.241103  0.211321 -0.119248  0.044025 -0.045532 -0.419249  0.515052 -0.140966  0.020192 -0.171589  0.428726 -0.413547 -0.243743  0.309366 -0.897423  1.000000
 23   0.048882  0.080411 -0.027700  0.021755  0.359773 -0.051890  0.058241 -0.085547 -0.004967  0.023781  0.207184 -0.229274 -0.032666 -0.098808 -0.002883 -0.088648 -0.017521 -0.034522 -0.019483 -0.135240  0.122240 -0.133161  1.000000
 24  -0.100809  0.069162 -0.077488 -0.036593  0.037198  0.568899 -0.594733 -0.009143 -0.052608 -0.163348 -0.160161  0.080449  0.057671 -0.025994  0.176043  0.150906 -0.228301  0.194705 -0.064322  0.064345  0.074649 -0.090600 -0.071359  1.000000
 25   0.053256 -0.090188  0.079628 -0.063189 -0.155387 -0.473754  0.507088  0.042206  0.017744  0.100553  0.081727 -0.046597  0.013333  0.005520 -0.185433 -0.112933  0.288790 -0.284799  0.044961 -0.050784 -0.190867  0.177252 -0.178813 -0.783293  1.000000
 26   0.000682 -0.099378 -0.144380 -0.060327  0.170991 -0.495427  0.463809 -0.131855 -0.059061  0.057020 -0.023150 -0.138640 -0.013317 -0.177866 -0.182517 -0.276469  0.000130  0.066755 -0.024359 -0.224382 -0.291154  0.316765 -0.028670 -0.181649  0.165684  1.000000
 27  -0.009310  0.146024  0.162755  0.085919 -0.013954  0.352374 -0.427655  0.181638  0.001541 -0.057253  0.054820  0.149898 -0.009643  0.094160  0.218026  0.214254  0.086933 -0.170590  0.000172  0.395789  0.056028 -0.126840  0.077663  0.031075 -0.111113 -0.777676  1.000000
 28   0.054101 -0.106359 -0.014603  0.013638 -0.030126  0.193778 -0.168712  0.144465 -0.000798  0.075456  0.000772 -0.013578 -0.088736 -0.038464  0.012401  0.160019 -0.074513  0.076041  0.060910 -0.045611 -0.135924  0.147813 -0.117835 -0.215826  0.260263 -0.037514  0.053718  1.000000
 29  -0.085173  0.068044  0.074715 -0.026577 -0.091446  0.300599 -0.283683  0.055773 -0.154651 -0.147837 -0.022515  0.211257 -0.151366  0.228730  0.111104 -0.267081  0.282421 -0.221212 -0.018574  0.451483 -0.257674  0.270027 -0.194114  0.135539 -0.093324  0.054829 -0.048869 -0.175414  1.000000
 30  -0.041790  0.033492  0.028897 -0.082172 -0.058858  0.323984 -0.333723 -0.042759 -0.022034 -0.016049 -0.047438  0.422341 -0.368874  0.014437  0.002854  0.011174  0.149204 -0.197676  0.049792  0.268539  0.219375 -0.272545 -0.176911  0.104671 -0.028646  0.106256  0.006655  0.003002  0.094659  1.000000

*****************************************************
***                ANATOLIA V1.2                  ***
***      Free open-source software for total      ***
***       lineshape analysis of NMR spectra       ***
*****************************************************
***       Copyright 2021, Dmitry Cheshkov,        ***
***      Dmitry Sinitsyn, Kirill Sheberstov       ***
*****************************************************

When publishing results obtained with this program, please cite:
D.A. Cheshkov, K.F. Sheberstov, D.O. Sinitsyn, V.A. Chertkov, ANATOLIA: NMR
software for spectral analysis of total lineshape. Magn. Reson. Chem., 2018,
56, 449, DOI: 10.1002/mrc.4689.
