1   v1        2640.818466    +-0.000181
2   v2        2374.062360    +-0.000227
3   v3        2318.880168    +-0.000229
4   v4        1363.500472    +-0.000208
5   v5        1199.525148    +-0.000227
6   v6        1149.992560    +-0.000252
7   v7        1159.757169    +-0.000227
8   J12         -0.241091    +-0.000371
9   J13         -0.235458    +-0.000390
10  J14          8.422117    +-0.000284
11  J15          5.752211    +-0.000279
12  J16         -0.169592    +-0.000306
13  J17         -0.560001    +-0.000338
14  J23         -8.115247    +-0.000311
15  J24         -0.458213    +-0.000298
16  J25          0.092641    +-0.000264
17  J26          6.399638    +-0.000332
18  J27          7.254143    +-0.000328
19  J34          0.189575    +-0.000293
20  J35         -0.517090    +-0.000281
21  J36          7.296046    +-0.000333
22  J37          6.099664    +-0.000326
23  J45        -12.652969    +-0.000304
24  J46          8.284054    +-0.000335
25  J47          6.589452    +-0.000382
26  J56          6.397011    +-0.000360
27  J57          8.160651    +-0.000383
28  J67        -12.169763    +-0.000794
29  LW           0.186162    +-0.000156
30  Magn     1.684038e+06    +-1.092273e+03

THFCOOH

Line Broadening: 0.000000
Theoretical spectrum linewidth: 0.186162
RSS Value: 4.971452e+12
R-Factor: 4.24 %
Spectra correlation coefficient: 0.999099

Chemical shifts (ppm):
     4.401     3.957     3.865     2.272     1.999     1.917     1.933
J-coupling constants (Hz):
             -0.2411   -0.2355    8.4221    5.7522   -0.1696   -0.5600
                       -8.1152   -0.4582    0.0926    6.3996    7.2541
                                  0.1896   -0.5171    7.2960    6.0997
                                          -12.6530    8.2841    6.5895
                                                      6.3970    8.1607
                                                              -12.1698

Parameters correlation coefficients:
  1   1.000000
  2  -0.000461  1.000000
  3   0.001807 -0.016903  1.000000
  4   0.000516  0.007262 -0.001658  1.000000
  5  -0.001816 -0.000473 -0.002012  0.000274  1.000000
  6   0.000648  0.001264 -0.001102 -0.003944 -0.040481  1.000000
  7  -0.002224 -0.000882 -0.004116  0.003878 -0.017399 -0.594871  1.000000
  8   0.022804  0.061617 -0.032210 -0.001465 -0.001298  0.002624 -0.003483  1.000000
  9   0.012997 -0.026065  0.112930  0.001646 -0.002618 -0.005258  0.005457 -0.308707  1.000000
 10   0.191600 -0.009947  0.000908  0.003972  0.000086  0.000459  0.000400 -0.007587 -0.002435  1.000000
 11   0.012566 -0.002108 -0.004428  0.000348 -0.043764  0.007460 -0.004823 -0.029010 -0.022458 -0.031576  1.000000
 12   0.048287 -0.001545 -0.008175 -0.003350  0.005400  0.014206 -0.012060 -0.029774 -0.053790  0.034322  0.015499  1.000000
 13  -0.111247 -0.001828 -0.002740  0.002840  0.008475 -0.013229  0.029572 -0.023560 -0.019947 -0.037063 -0.065291 -0.485821  1.000000
 14   0.003414 -0.088283  0.045426 -0.003993  0.002550  0.003524 -0.002259  0.039432  0.062277  0.003779 -0.003481 -0.003299 -0.004029  1.000000
 15   0.012631 -0.132696  0.004801 -0.061605  0.002099  0.005763 -0.003030  0.012177  0.002488  0.070252 -0.003749  0.002746  0.009247  0.068875  1.000000
 16   0.003634 -0.048391 -0.005853 -0.001899 -0.004267  0.002897 -0.007301  0.122368 -0.047310  0.002241  0.016046 -0.004273 -0.008966 -0.035109  0.025923  1.000000
 17   0.001598 -0.002659  0.000268  0.007989 -0.006060 -0.092307  0.048704 -0.019497  0.005912 -0.002879  0.002591  0.032891 -0.024107  0.001692 -0.073020 -0.013686  1.000000
 18  -0.006038  0.018289  0.000054 -0.016561 -0.003803  0.050474 -0.030624 -0.006550 -0.006279  0.002823  0.002227 -0.030128  0.062193 -0.032356  0.083745 -0.006259 -0.473148  1.000000
 19  -0.000765 -0.001214 -0.022761  0.008385  0.000133  0.000015 -0.002756 -0.066272  0.205309 -0.022549 -0.002589 -0.009604 -0.011903  0.011842 -0.036366 -0.008589 -0.000138  0.000050  1.000000
 20  -0.002481 -0.001229 -0.049217 -0.000538  0.033016  0.020012 -0.033167  0.022563 -0.045002 -0.004883  0.040887  0.005017  0.011019  0.038754  0.008236 -0.015773 -0.001414 -0.000733  0.000681  1.000000
 21  -0.000154  0.002967  0.017824  0.004302 -0.022786 -0.054612  0.012661 -0.014144  0.041493  0.001382  0.001046 -0.035243  0.010972 -0.052030  0.000943 -0.000857 -0.030183  0.012798  0.001055 -0.006988  1.000000
 22   0.006882  0.000393  0.033109 -0.025413 -0.000909  0.012035 -0.106251  0.017657 -0.029493 -0.002924  0.006519  0.042807 -0.071760  0.028039  0.003609 -0.001070  0.007666  0.034695  0.017551  0.007775 -0.377522  1.000000
 23  -0.009019  0.000434 -0.001305  0.060448  0.044751 -0.001713 -0.017639 -0.001323 -0.004477 -0.041474 -0.010133 -0.004495  0.007284  0.000985 -0.002324 -0.002120 -0.011490 -0.002211 -0.005695  0.023690 -0.013102 -0.002530  1.000000
 24  -0.002815  0.013727  0.002078 -0.047262 -0.024857  0.053137 -0.045230  0.002600  0.003088 -0.010994  0.003558 -0.013159  0.001779 -0.002321 -0.058376 -0.004053 -0.107044  0.061966  0.019878  0.008418 -0.046920  0.063584  0.044311  1.000000
 25   0.001960 -0.009124 -0.009076  0.122307  0.002165 -0.052922  0.063828 -0.000128  0.001219  0.015239 -0.000643 -0.007017  0.015120  0.001857  0.014760 -0.003510  0.053159 -0.107369 -0.019476 -0.010380  0.032361 -0.199081  0.018817 -0.427863  1.000000
 26   0.001297 -0.005030 -0.002811  0.006821  0.149291 -0.284507  0.174067 -0.005910 -0.004341  0.002510 -0.016304  0.023551 -0.009922  0.004694  0.005544 -0.007852  0.012856 -0.028189 -0.003001 -0.061701 -0.140437  0.009621  0.005825 -0.116628  0.067676  1.000000
 27  -0.005868  0.003117 -0.001558 -0.006903  0.006400  0.201589 -0.268245  0.008391 -0.008345 -0.007048  0.034928 -0.019347  0.035487 -0.000930 -0.001540 -0.006639 -0.012283  0.066410 -0.000345  0.092933  0.039866  0.052170  0.016255  0.087984 -0.063642 -0.450353  1.000000
 28   0.000445 -0.001519 -0.001525 -0.000911  0.018296  0.453801 -0.511861 -0.003388 -0.002437  0.000922 -0.006983 -0.005161  0.004525 -0.000683  0.001749  0.012634  0.009678 -0.033167  0.000679  0.008502 -0.037000  0.008891  0.018400 -0.054849  0.017463  0.050808 -0.075719  1.000000
 29  -0.004252  0.003726 -0.000336 -0.000856  0.001225  0.006955 -0.009054  0.048498  0.024716 -0.019120 -0.007738  0.022733  0.019811 -0.017929  0.012638 -0.014883 -0.025089 -0.021000  0.009924  0.047715  0.003621  0.000591 -0.000650  0.028732  0.001758 -0.020394  0.048413 -0.004849  1.000000
 30   0.000843 -0.003562 -0.002939  0.001755  0.009324  0.011329 -0.032730 -0.071223 -0.052089  0.020001  0.015445 -0.044921  0.002703  0.004435 -0.053144  0.033347  0.036985 -0.102426  0.003938 -0.055913 -0.004441  0.014058  0.013456 -0.013002 -0.021035 -0.024141  0.108436 -0.004748 -0.890858  1.000000

*****************************************************
***                ANATOLIA V1.2                  ***
***      Free open-source software for total      ***
***       lineshape analysis of NMR spectra       ***
*****************************************************
***       Copyright 2021, Dmitry Cheshkov,        ***
***      Dmitry Sinitsyn, Kirill Sheberstov       ***
*****************************************************

When publishing results obtained with this program, please cite:
D.A. Cheshkov, K.F. Sheberstov, D.O. Sinitsyn, V.A. Chertkov, ANATOLIA: NMR
software for spectral analysis of total lineshape. Magn. Reson. Chem., 2018,
56, 449, DOI: 10.1002/mrc.4689.
